10100010010101000110100101011101
01100101010000111100111011000100
10111000111111111010111011000001
10100011101100001110100011111110
00010000111110000011111111000011
10101000000001111101100010100011
11100100001001110000000001110100
00100010101111110000110101001010
00110100011101001111001001001011
00001110001101001001010110110111
11110001010110011101011001101011
10000011010001000101010111100100
10010000101100111100000001110001
00011110111101010101101101101100
01011011010110100001010001001100
10001101111110001001011011111000
01100010000001101111010101001100
11011001001111000011011101001001
01010000110100110000100000110111
01001100000110101011100010100001
00101000010110000100000110100010
10011000100010000000000100100100
00100100100001111011001010101100
00011011001101110110101011111101
11010000011100010101010011010001
10010101110111011100010100011100
00011001011111001001000000101000
11110010100010100101111111001100
00101111010000010110001100110110
01101010011100001010010110000110
01110110111111101110100101101010
11111110000111111010110010110000
01111000010111111111011110001100
00100000001011111110110000100110
11001101110110010110110000000100
00100001101010100111100001110010
10101011001111011100000011110100
10001100010001011111000100010011
10100101101001101111011011100100
00001010110110100000000101101010
01110001011101001011010110101011
11001101110011101101111111001101
00010101111111101110100010000001
10110001110101000111101111111100
11111000001110000111100110100000
00011011100110010000101011010011
10001001010111101001111011001000
11010011100010111100111010111100
11011111000100000000101101111001
00000001010000011010000001001010
10101000101111000101010110000011
11100101011111000000101100101001
11010001000001101111111010000001
01110111001011100010111010010000
10011011010000101011000100011001
11001101000111010111100110001110
10101001010100111100000001110101
10101111111000101011110010000000
10001000111000111010010111100011
10111010101000010111000101001010
00000111001001010100011110111001
10110010000011010000110111010100
01110001000000101111011011010101
00010101001011011111000101000001
01100110101000000001101000101111
01111100111111100101100111110011
10010111001110011011001101011000
00100011101010010101011100100011
00101011100100110101110100100001
10000011000111111000000011001111
01111001011101101000100000000101
11010111100111001011111000010101
00110010101000101011111001110000
00100001100111100101100001010011
01000000111101100001101111101000
10010010010001010010001011010100
10111001001110101011110010010011
11001100000001100101111110010111
01111100001011001100111100110111
10010010100101011010011100001111
00010111110010000001001111111000
11100011110110010000111111011111
00000011010000111001011111011100
11111000001111000010000111000110
10011111111100111110000101100100
10110011101110111110000100111000
10100010011101010011111011001101
00001100000001010111011000101000
01000011110011101101100100000101
10100000101011101101010010010110
00010100010100001111101001000001
11000111111001110110111100001111
10001110011110010101110011111000
00000011011110001010100100011011
11011111001101011000101011111011
10011010111000100111111010100111
11000001110110000101001100111110
11010110100101011110111100110100
00011110001000011010101111100011
11011110010001011010110101001001
11011101100111010110010110101010
00101000111111110101111101001011
00111010110000010110110100111001
01101010011100011111101011011011
00100010001011011111001001000111
11000110001111110010111010001000
00010100010011011101001110011011
11101111100110111100000100010100
11100100011011110101001001010011
01000111100000101001001011110001
01000111101100110000111001001010
11000101001101101010000100101110
00010011100000010101101010111101
11000111111110011110100100010010
01100101111010000000110010000000
11001011110100111000100111101110
10111001110000100001101100001101
00101101100110011111111001100100
11011110101111011010011110100011
01001101100100001010110100101110
11010111011110000100101001010111
01010000001111011110000011111111
11110101111100000010101010001101
11001110000101101010101010001000
01100100011100001100000100000011
00000100101010001001010010111000
10101100110011110111110100000101
01111100110110000110100100101001
10010110010100100010010010101110
00001100011111001010110001100111
10000101001000110101001110010111
11000111101101011001001100001000
00100010111100111110011001111000
00010010101011111010011100000111
00010001010010010110000010011010
00110110011100111110111000101001
01010111101110101111010001100111
11110001101101111100101110110000
10001001001111000100010010101100
01001111001000100001001100101001
10110110101111010111000011100011
11001100000011110010011110101000
01101101011100100101010001000111
00001001000001011010100000000010
01101011000100111011001100100011
10101001101000100100111101001010
10111110110000111000101110110010
10001001000001011100101101001000
11101011111011110000011000010001
11000011000110010000001011010110
01010000100010001011100000011100
11111101101010110000100100110110
00101000001100111110001100110011
00101000111111001110011001111010
01101110110110101110011001011011
00011011010111011111010110000000
10111111110010000110001110010011
10101000110001001110011010101101
10110110000001101011111010011000
00011110111011000110100000011011
10111101011101101010111001011011
10101010110111000100000010001000
11101100101010011100111011010011
11010010110110001110011011101001
10111011001010000100001100001110
01110111000101011110001000111110
11010010111000000101100100101010
01101011100000100111101100010000
11000101101110100000011010001001
11000000100000110011110010100010
00110001110101010001000101100101
01100000000101111011100110110111
01010110111001100010000101101001
01111000010100000000001001110100
11001001110100111110001101110010
10110100100110111101010110000100
01100010000110000011011010101010
10101111000001101100100100000101
01011111100110101000000101011010
11011000100010111111110000001101
11111100001001111110111011111111
11110100001001000010010110001000
01011010110011000011010001100100
01000110011001000100111001111101
11110111010111111111001100000011
00110001100101010001101000000101
11001000101001000101100110001101
11111101001100000001111100010000
11011110011100111111101100011110
11110000110001011110010111000000
01100110010011001010101000100001
11001110010111111110100000011110
00011010010011001100100000111010
11101011000110000011001010000101
01100100011010000101001100110100
00011110110111000101010000001000
11100111001100111100101010011100
00111110011010001010000011001010
00011111001001011111001100000000
10101110000101000001110000000000
00010111000101000100001110001110
00101001111010001111100010000010
01000101011111010111101010101001
10000100010111110111111001101111
00100111001010000011001100001100
10110001101001000111000110011100
10101000011001111111100000011110
11000111100001001100011100101110
00001111001000001000010010100101
01010010110011100001111010110111
00110000010010001101000111010010
10111101001001111111000000011100
00110111100011101010110000000111
11000001111010101110010001010011
10100010100111001111001101111111
01110100110111101000110101100011
10111101010000110111010001000111
00001101111110111010111111101010
00000100001010101011000111101111
01001110111100111011111001011101
10000010111111010000010101001111
00100100111110110010010111101011
10110101111100011111011000001010
11100101010001101011101100011100
01001110100100100100000110010101
10001010100111001110001100110010
01110010010010101100111111110000
01110010010010100010011110101011
00001001100101011101101000110010
11100111110100101011011010101110
11001100111001001010011001010001
11100100111001110101001100001111
10010011110110010111011111001110
11000001011011100001101100011110
00001101100101101100110001010011
10111100111100100010000101100101
01010010011110100111000100011100
00100101111111110000000110100100
10001111111010001110011111100110
10001111111100011010001001001101
01010000001111011011100111011000
10110001100001100010011000100011
11101001001000110011110100001101
11010111101010110000101001001111
00011110111010101101111100101110
10100101101100110100001110000110
11111110111010000001011000111100
11110010111010000011010000000001
00101011000100111110110111010110
10110001000011110100010100111011
10010000111000100010111000101010
10101010001001010101011010110110
11100111011001011101111111110101
00001101001101101111110011001111
00111010111001001100001011100000
00001100010111001000100011000100
11011101001000100101110010110001
00110101010111001010110011110100
01011011111100110100110001100000
11101000111011000001010011110101
10000010111001011110010001001111
11101001110000101000101111011010
11010011101000011000100101101100
10101101110101111000100001001100
10011011000010110100110101000000
01011001000110100011101101110111
01000000110111001000011001110001
01100010101011010011110111100011
00101011110000110110000011110010
11101001111001101000110001100001
01110011101001111001100111100011
11110010111001000110111001101001
00100101101100001000101011111110
10110110001101110101000110011010
00001001111100110100011000101010
00100100000000101110000000100100
10110001101011111001100110001111
10110000011011000011001101110111
11000111011110110100001001101000
10101011000001010111111110110001
10110011100001100001001000011111
10110000000001101010110010000011
11011111001011100110110010011010
00000100111011011111101010111111
01111100111101100100101001100011
11110110011011101101011010111001
01000101101100111100010110111011
10100001001011100001100111011101
10010111100101100100001101011111
11100100110000011001100110011000
00001110010001011011000000011111
11000111001001000100010000001110
00001111100100100011100000001011
00100111100111101010111011001110
00010111111011100110000011110101
01001011001111001000111000110110
00011001000110010010100010010111
11011011001101001101010100011110
00101001000011011001110011110001
11011011011001010101110001100110
01101001111101010000100101010101
01001010101000001010101111000111
00110001001101000011101101101011
10111101011010010110110000010011
10111111110100100011111101010100
11100111001101011010111010001000
11010110101110011010000100010000
10000100101100110111111000111010
11010001011101001100111000110000
10010111001001001100111001111000
11001111110100110100111101010111
01011111010101110100101111010011
01110110111001001100011101110110
10100110001001111000100100110011
01011100100001011011111110100001
00110100110011110100101010000001
10101010100110000100001001010100
01001000110101110000110101100101
10101001101101100110000011111101
00101100111101000000000010001001
01011111101011101001000100110011
11111111011100010001111110111010
11000010001001101010110100101001
10010111111111110100111011011011
11000000111100100001011001000001
11000011110011101010011001000011
00110110101101000101001100001000
11000101101100100100100110011100
11110010100000011010001100101101
11010110000101100110011011110111
01011111111000010111111101011101
01111001101001111001111100011100
11011011001111101011110010101111
01010100010011101111010011101110
10100100111100010010001011110101
01000110010000010101101010000010
01111101011110101111011000101101
11110011110101110100010100111110
10010011101001100110111101111010
10101010110010100101110111001101
01001101110101110001000100111100
10110101100101000010111100010100
01001110101010100111011000111011
10010000100110000011101100101000
01011100110000101111111101000100
10010100110101000111110100100110
10100001001000110010101110010010
10111110100111001111101010001000
00111101100111011000000011001010
01110011110111011100000001110001
10010001101110100011000110010101
00011010000010101000000000110101
10110011000000111110010010111000
11101010100000011111000011001010
10011010110110101100101010000100
00011001001001000110100001110100
00000110111100101101101100111111
01110101111110110010100010000101
11101010000100011000011000100010
10100100111000001100111010111100
00001100100001101001101111100101
00100001001001001100000100101010
01111011101101101100001011010110
00011011100101100001001000011101
00000001111110010111111110111010
10001101011101001000100010001111
00100000110010110101101111100101
01010111000010001010111001000101
00000110111110000101100000011100
00001000000101011000011010101110
01000110110001101010111100011110
10010000000101110110001111101000
10000010100000011010110011101011
00000010101001010101101110110001
01100011000000100011101000010110
01001010010001010010011001001100
10010111111011010110000011101111
10011111100100000010101000010010
01001101000010010010100111110110
10001101101100100011110011100111
11100101110110010000101100001111
11100000010110101010110001110010
01011011100111011011100010110111
10000001100111011111000011110111
01011111001000011111110101000110
10010001010111000000100110100000
11111111101101000010010101001100
11110110000111001001001110110100
11011011011011100011011010111000
00111000010110100110011111111001
00111010100110110100111111010011
10011101000001111001001011010111
00010111011110010100111000011111
11101100110101110000101010100110
01100101100110101110010011010001
00101100111001010101110000110000
01101111110110101110100011111010
11100001010111000111011001000101
00011001110101111100101101010100
01100100010110100011101010101101
11101111110111000110111010000011
01010011101000000101110100111100
10101001101011000110010010001100
00001011101001000110110011101011
01100001001101111011011100100011
01111001001110111001100010001000
11001001011001000101001101001000
00100001100010000000100110101111
00101110011100111101010110100001
01000111111011010010011101010101
11100101001001001011101000000000
10000000010111010010010101011010
10111101011110111001011011110010
00001110110000000100110110100111
01010100101100011110111011110100
01010110001011001010110101011110
01011000001100111100111111110111
01001111010000100101011101011001
00011011110000011111100000011001
10010101000011101000001011110110
11000101001101110110011100110001
10100000010010010101001011111011
01011101001110111101000101110100
00101001110011011001110111001100
01001011110000100100100111011100
10001000001110000010010010111110
11100011111111100011000000101111
01010111101100110010110100010000
01001111000000010011001010011111
11110111011001111110110101101000
01010101010111011011100011011001
10110000010101111100010111111101
01100101100001000000000001101101
11111101011010111110100101001011
11101110011001011101000111011000
11111001111000111100010011111101
10110011001001100000000000111001
11111101100000010000100110111110
00010100100111011101111001000101
00100011000110010100000011100101
11011010011111000011100010111101
11110010011111010000010011000100
00101011011011010011100100000101
10001011010100110100010110100011
00111010010101100110100010001100
10110001101011000100100100000111
11101001000010100101010110010100
00111110011111000001000001100101
11110001011111010001011100011110
11010001110110011100010110000110
11010001101110011010001010000010
00001100000101010000101011011101
01100110001100101010010010100010
11000010101111000100111101000100
10101000101100001110010001110011
01010101111000011011011100111010
10000101111100100110001101001001
10101110011110100101000010100101
00000011101110011111111000101000
01101101011001110111110101101100
10010110010100101100100110001110
11010100110111000101101110111010
11001001101010111010000100111100
10110100001011001100001101001000
10100001001001110110111001000101
11111110011111101011110010010001
11111111000011011110010111110011
01001011010010110011100111111000
00110110101110011110100010111110
11010110000111101110111110011101
01010011111101010100011010011000
11011111101011010000110001101010
00111001001000000111101000000110
00110001110010111011011000101100
01000101001010110010011110110001
01110101111100001100011111111110
10010011010110100111110101001000
00101100111111011001000000011001
01011010000011001000011001110000
00101010100001010111000001011010
10111101001111101111100011011100
01101110000110101111010100000110
00110000010010100010110001111001
10000111010010011011011100111010
01001100011001100110000001000111
00110101011001111011000101110110
11000000000011101101101000000100
00001101111011111001110101111111
10001010001110110100111010010000
10011110010010000101101000010100
11000111001000010010010010111011
01011000110110011111110100110101
00010111000011110101110001001000
10100011100110000100111011010010
01110010100101000001111010100010
01010010110001011100000010010010
01010110111010011101001111010011
01000111011101111110100001010100
00101011001000000100110100011111
10101001000011000011000100110000
11100100000101111001110000010011
11111010001001101100111010100000
00011100110100100111001000110111
00100101100000010000101110011100
10110110110001001011001110010011
11101101100001110000000001100010
10000110010111111001100111001010
01111100001010101100100000001001
00101010001010110000101001100100
00000111000001110001111001111001
01101100011110011101110100001101
00000010010010011010111001001110
11011000001011001010000101110011
10110111001000100100110101011001
00000101000010101000001101000011
01000101000100000000010110100100
00010100101010101101111100111111
10100010000010101100110101001101
00100101001000110010001001001110
01001110001000000100000011101011
10110011101110111110010100010011
11111011011011000011001011001011
01011001011100101010110101010111
01110000100110110101010011100100
01111100101101110111000010110101
10100000011001101100000000101110
00110011010000110011001011011011
00010010111001101100001001101010
01001111011000000011001011100111
01000011101110010010100101011000
10101010000011101000101110110010
01101100110111010011101011010011
11100101110011011001111000010110
00011100110110000000011011101011
10110011010111011101110101000101
00101001110100101010010000001010
10100001101100001001000101000101
10101001110111101111010010001111
00111011110100000010100011111111
10011011000101111011101010001110
00001101111101101110100111110100
10111100110001010111101111000010
00011011011011100100111111000100
01001010110001110011100101001010
00000010011111010111011111100001
10110110110000011101111011000010
10010100011100010110110101100101
11100101000100000111111110111000
00100101111000011011101010001111
11100110101011011110010101000000
11100011001010110110011000110101
00000111101101001110111000111011
01101111101111101110010010111001
10001000101001010111000111000000
11010011110111110101101100100110
00010000000000100101011100100100
10001001111001111011111110100011
11100111001000010000110110001101
10111010101111110111101111111011
01010000010000100110011101100001
01001110101111001111000100000100
11110100100010010110011010100100
00100011000100010100010000000110
01001001001011100011110011111001
01001000110100000011110110100101
11111111011110101000000011000110
10100100101001100000000101100110
11101000000111100110101100100111
01111100011000001100100111100000
10100100011100000111010111011011
11001101100010000110011111011100
10010001110000100011110011000001
01111111100110001110011010101110
10010101011101000000100111110001
10110110110110111100011000101101
00000010101000001110100101100110
11111110101111111000010101101010
11100011101110100001111011000011
00110000001000100000010111110101
10010100010100000111111010111101
11110011100000101010101101000010
10110011000011011100000110100101
00110000000000001101110000110010
10110010000100001010000000011001
11001100110110000001011001100110
11101110000010000111100111011011
11001011010110100011001111010001
10011110010010001010010000100011
01111100111001011101011111011111
00000101010001111110110100110001
11111110010100110110100010101100
10000011101111111000111000101100
11100111011111110101110010010010
10110100101110101110111100100110
01100100010000101010100001111110
01001011000011001110011100111100
11101101100100111011111000101110
01011100101111101011010100001000
01010110100110011111010011000001
10010010111100000101100001010110
11001011000111101000000001111101
01111001110000111000101111000001
10101111011110101101011000011000
10100000110011110000011000100001
11000111011110111110100010100100
00101111100001010011101101010000
11011100000111001101110111011000
01101110000011110010001010101011
00011011001111000110011000011011
00101101001111100110000101111111
00110000100010001100000010110010
10110101010010010000101000101000
10110110100101010010011010111000
11100001010110001110110100100000
11111111110100100111100000001100
10010011011101010111000001001110
11011010010100100101010001111100
11001010110101000010100110011010
00100000001100000101111001110100
01011000101010100110001111100010
10010000111011110101000010010110
10101111110101001011010011101110
10001001110000110100000100011001
10011011001010000110010101101000
00110110000001101000111010111110
01011110010101011001011100111101
11101101110001011010000110010101
01111000111111101101010011111000
01011110101001010010110011011011
11101001011110010010110000101110
00010101000001110000010000111111
01111001100101001111010100000111
11010011110011111011000001010101
10110100011011101110011000100000
00111101011111010101101100110000
11010111111100100010001100001000
10000011111000010001100001001101
01011100111110111001011110011110
10010011100000001100010100100011
11000100101100101110001010111011
11011110110110000010000010010101
00000000010110001110100010100111
11101111100011101000110010010100
11010001011100000011111111111111
10001111110101100001000000111000
00001010111000011001010001011110
01001100010110101011000001011110
11101000111000001110010100010010
11110001100011011101001010110001
01101111011110000000101011010001
00111111000011001001101010011001
11000101001010001101110111101101
11101001101001101111100110110100
00110100000110001101001000101011
01001100111010111001111111110001
01101101111000001011011100111110
11110100011011111110000110001011
10110111000101001011010000010111
00111011101000000110111101101101
00111001110011010011101101110000
00100001011100101001010111111010
10110101110100010011001000110010
11100100101111010011001011000110
01101000100011001111100111001111
11111110001100000110010001000000
00100000111100111100001010101111
10010100011001001100001000101100
01001111101111000011100000000000
11100011000111101001110010000111
10011011010110010100000110011100
11100000010000101111011110011011
10100100100110010101011111001110
11000001100011010110101011110000
10101101101101110100111011001001
10111000010011010011011001111101
11000000000101000101001010111111
00001010111000000010001101111110
10011001011100111010011001111001
11010101100000100010010111011110
00000101010101010101010000101111
01100011101101111010110101101110
00101011110110010001100100110100
10001110000100110011001100001101
01001010011001111001011100010011
01110110111101001001100000000000
10111011010110001110111010011101
11001011101101010101110100011000
10110000101101000101001001100001
11100010101110001101101110111011
11101000111110011111011110010001
01101101010011101000111000001110
11011100100011010110001001010110
11100101001001100000101000110001
10010010111011101111011010001010
10010010110011110000001010010001
01000101100111110000011111111000
00011100010111000011111001010001
00101000110101110010110111001110
01000000011001110110100011111101
00011001111001110001000100111010
10101111010110110011100100011111
10101001110101110111001100000111
10000101011011111011001001011000
01010011111101011000110010110010
00010010100110110011010110000000
11000011110101111011011111111100
10001101101100000011100100111001
00011111110101010101100000010011
00000110101101000000001100101101
00110011001001000100111101111101
10010011010010100011101100110110
00101100001010000100101011110011
00011100101100000100011000010011
00000100011111011001001101110111
10111100101101110010010100011101
11000001001101101010000011001101
11101101110010010011111011111011
10000001101110110011110111011011
10010000101111011101000110000000
01101001101010111001110110010110
00101001001001101010000000100110
10110000111110000001000111000000
11001110010100001011011111110000
11100101100011000111000101111111
00111000101101100000101011111000
10010110111010010100011110101101
10010010001001011100011010010000
11101101101010001111100111111001
10100011001111010110000100110101
00111010011001000011100111110101
11111101010011110011100010110011
00101001011011010011010001001110
01100010100000010111100001010000
10101010011110100111110011001010
01001001011001000110001010111101
10110111011111100011101000010010
10111110001110001010010001000001
00001010110101101011000100100100
11011001001101001111000100011011
01011101001111111111011101110011
11001000010110101100010101000111
10001001001111011000000000000010
01101001000110000111000100010011
00110011110001010010111011011010
11011111011010111000000010001010
10100001110111101011011010111011
01010000111011111001100011001101
11000110100001010011110010100110
01110011111011000110111100001110
00000011000000101011001001100000
01111100100011011101011100110011
00000011101010000110110100110101
00000010111001111011011110000001
00010100110001010001100110100011
01000100100001110110101010010010
11011011000001001000111001011011
11110110001011100111111001111101
01010110010101110010000111111010
01000000010101001011101010100001
00010101111010110000010000010111
11001001011001010010101010110111
00001111011100101101011100000111
01100000010000011100110100011011
11111101000100110110010011100010
00010011100111001100000000000010
11010011110001010111101101011010
00001011010011110101000111001110
01001111110111110101101111110101
10101100000101111100101110000000
01101101001010010010100000000111
11110111110111000100011110011111
01111100001010010010011001001001
10101000000101001101101111100100
11010111001101110011100110100111
01111000001100010111001011101101
01010100110110000000100101111100
11010101000011101010000010111101
00001010111100001110001001010100
01100010000100011100001001111110
11001010111001011010101001000101
11000011001010100010110100101011
01110101100101011101101100001100
11001101001101110101000001001110
00010010011000100010111100001100
01110010100110000010111111010010
11010000110101100111011011001100
00000010110110111001101010001111
11111001101010111001101000000100
01110000110111000101011011111100
10111110011001011100010100001101
11001000101101010111000011101010
11010000001011010100010001010110
01011101110011000001010110000100
11001100000010110110001011010011
00000011100000111110100001101110
00011011000110010000100101001100
11011001001111011010000110110001
00111010101101000110101100001110
10110001001101001110100101001000
11111110101001111011100101001001
00110001011000101010100011111101
00100101010111001001000111010000
11001111010000101001011101100010
11010001101110000101011100110010
00000100001000001110110100001011
10011001100010011011111110111001
00100010100001010111110100110111
10111001101100000011010011000110
01011101010010111011100110110111
10000010110101000010110100111110
01001110011110100011110000000010
11011011110010111110010101111101
00001011011100010011110001010100
01000111101110010000111001100111
11010101000000000111000111010101
11001001110100000001001011110011
00001000110110010000000101101100
00110101111111011010110110100001
00011100110011111010100010110100
01100011111001011110111011010000
00010101001010001110000101000000
11010100101101001000011011001001
11110001100011100111110010100101
10110000100000011010011101101010
11010001110010001111010111100010
11110011110010111001111011111101
10111001110110100111001010010100
10001011111101100100111101101111
10000111000110111000001101111110
00000110000011011101110011111000
01011100011000001110001100100011
10100100111110000101000000010110
10101000101100010010101010110110
11011111100111101011101110101001
01100111100001011000010000010101
01101001110000111011111111011111
10110111100111000011000100100010
10111100111010010100111001110101
10001110100010001111100001000110
11010101011110001101100001101100
01110100010011110011011000111001
01100010111110010011010000100100
10011111101110000110101001010110
00100110110011111001100011110011
00000100000110010001101111100001
01010011111010000110011011110010
10100100001010110101010100000001
00110110100100111100100011101110
11100000110011100010001111011100
00111011110111011110001011110000
00000000101011011101111111111011
01111100011111100110101111010010
00001100110000110101000101011001
11011000011111111111010101001001
10101100000110110001111110010010
01000101100100000110000000101101
00011101010000001101011111000101
10010111101100111011110010011001
10010011011001110110100110011111
00111011011100100110010110001101
00101010100001010100000011011101
10101001000100010100000100101010
00000100011011000111111000010010
11101010011101011111011110101101
00101000111110000001011010011010
00000000101111101011011001110000
11001001000001100101010100111101
10100101011010100111000101001011
10001101000011100111001110011110
00111110100011100010010000011101
11101001010010111011010111001110
10100111110111010000010100000110
11100110110100110100010111100101
10000101101011100001101001001110
10110101110010111101011011011011
00101110101111001000110001010010
10100000000101100000010100011110
00010100100100111000011101101110
10010011100011001100101111001010
10001011001110110111001111101000
10001110001011000111000100100111
01000110110111010000011101010100
01011101010100110010101111000010
00101000101010111001101001011011
00010011001001101101101100111111
01111100110100011110101101111011
00010111100010010011001111111011
01011110111001110001111001011011
01100000000001010000100001000110
01110101101010000010001110001010
10011010000101000011111100111010
01010000011110010111101111110000
11010000010110010001011011101011
11011011000010000011011101000010
10011100110100100000111000110010
10000110111111100101100000110001
10100010000010100011100001101111
01010100011010101000101011110011
01100011001010100001001101000001
11101110111100010110011101100001
11111100001011001100101100100011
10101001100010010010110101100001
10111100011100100000111100100011
10011100101100011010100110000101
11100111100001010001111001110000
00001111110000101010010111101000
11100100101011111000101100100100
10110100111100110100110100110100
11001010110101111000100100101000
10100110011111000100011100100000
01000011110101011111101100011011
00101111011101111101111110100011
10011101110011110010101001110111
11001010011001011011011011010100
11100100000111011011110010100001
01000000101010000010010001010011
10111010100101100011100011101110
01111010010100110010001011110001
00011110011111100010010011001111
00010011011000011110111111110011
10111100100111010101110010111000
10000011100110110110101111101110
01010110010010110011011010101010
01010011110111001011111100010101
00000111111001011111010111001100
01100010101000011100111001110111
00010001101110010101000111011110
10001101111011111101101000110110
00000100011110100000110011000010
00101101001011111101101011100111
01010110000010101001001100001001
10110110011111000100010101101111
10000110000110001010001101100000
01111000011010101101011011011111
10111100010111010010111100001110
10011110101001010001000111100111
10110110000100011000011001100101
11100101000011100000111011000100
00110000111010101100001001101110
00100010010101100011011100110110
11100100000110001100101100011111
10111101001001011011110111110101
11111000001110001100000011001100
00010110101011100010001001111000
11001111000101000000001010110000
11010010001110000001010100101111
01010111010111011111011111100100
10101100110000010010101001110100
11100001010110100001000000100011
10111000101110000110011001100010
00010101101011010101001100111010
00100010011011111010111110101000
00111100111111010000000010010010
01011111010100100100100011010111
11110101110111100010110100010010
11011011100101011010110001110111
11011101000011110110011001011010
01000101100011011010000100001101
10001000110011000110010100111010
00111111000110101110111010010001
00011101101011010000010001000000
11110001110110101011100000000110
11001111011101000001111101010101
00010100011110000111000101000001
01111101010000111000110000010001
10110011000001000110001011001001
01101001100101101100000010010001
00111110110011110010111000110011
10110001110110100001001000011100
01111001101110110110101100010110
11110100111111110100000010010000
00001100001011111010111010111111
01011010100001011000001010001101
11000001000000000000101110010000
01000111011100001000011010010110
00000001010001111011001100010111
10010100000111101011101111111100
10101000010010000100011010010000
10010000111010001101100110010010
10101001001011111010100000111101
10011000111011101011000100011011
11000000000110110011111100001001
11001001000000011000111101000110
00011001111001010010011111111111
01011110101000000101111111011011
11111100110100011000111011001101
01101110000100101001101000100110
01110011101111101110011111110101
00011100111001101101111100000101
00100101100011000001010100011000
00010100110001110101001100110000
10011000011001000001101100111100
01000100100001100001001011110110
10111100100010011010011110000101
10001110011010010001100001000101
11000100000101010001111000101001
11010110010101111010000110000111
00100100101111000001010110001110
01100110000110011110101001001111
11010111101100111000101001111111
11011110101000011101010011010011
00001100101111110100010101111001
11111010111101010110101001001010
11110001010001011110001010101010
11110011110011000010101111111001
11101101001110001100110010110010
01011001110010100011110000110010
11111100001001010100010001001000
01101011110011001100110010101011
00000101100100100111001000011111
00001010100111111011111000000111
01000011011000100100001001100111
10010010110000110111111001001000
01001100100111001110111010101010
10110000001011110000010111001011
01011001111010101100100101001111
00010111100111111100001101101000
10111111110111101011000111111011
00000001100101111010100101100111
00011010101111011100110111001110
11001100111000100011101101110000
11011001011101100011010010011011
11000110010001111101111000100000
11101101001101001110011011001100